Ra=0.5;
La=0.1;
J=5;
B=0.01;
Tl=20;
kphi=1.6;
